0 8 15 5 6 2 12 10 
0 8 15 5 6 2 12 
0 8 15 5 6 3 13 10 
0 8 15 5 6 3 13 1 2 12 10 
0 8 15 5 6 3 13 1 2 12 
0 8 15 5 6 3 13 12 10 
0 8 15 5 6 3 13 12 
0 8 15 5 6 10 
0 8 15 13 10 6 2 12 
0 8 15 13 10 
0 8 15 13 1 2 12 6 10 
0 8 15 13 1 2 12 10 
0 8 15 13 1 2 12 
0 8 15 13 12 6 10 
0 8 15 13 12 10 
0 8 15 13 12 
0 8 15 13 11 5 6 2 12 10 
0 8 15 13 11 5 6 2 12 
0 8 15 13 11 5 6 10 
1 13 
1 2 12 6 3 13 
1 2 12 6 3 11 8 15 13 
1 2 12 10 6 3 13 
1 2 12 10 6 3 11 8 15 13 
2 12 6 
2 12 10 6 
3 6 
3 13 10 6 
3 13 12 6 
3 13 12 10 6 
3 13 11 8 15 5 6 
3 13 11 5 6 
3 11 8 15 5 6 
3 11 8 15 13 10 6 
3 11 8 15 13 12 6 
3 11 8 15 13 12 10 6 
3 11 5 6 
6 10 
8 15 13 11 
