0 4 5 8 12 
0 4 5 8 13 
0 4 5 8 7 13 
0 4 5 8 7 6 11 
0 4 5 9 
0 4 5 9 3 14 15 2 8 12 
0 4 5 9 3 14 15 2 8 13 
0 4 5 9 3 14 15 2 8 7 13 
0 4 5 9 3 14 15 2 8 7 6 11 
0 4 6 11 
0 4 6 11 3 14 15 2 8 12 
0 4 6 11 3 14 15 2 8 13 
0 4 6 11 3 14 15 2 8 7 5 9 
0 4 6 11 3 14 15 2 8 7 13 
0 4 6 11 14 15 2 8 12 
0 4 6 11 14 15 2 8 13 
0 4 6 11 14 15 2 8 7 5 9 
0 4 6 11 14 15 2 8 7 13 
0 4 6 2 8 12 
0 4 6 2 8 13 
0 4 6 2 8 7 5 9 
0 4 6 2 8 7 13 
0 13 
0 14 15 4 5 8 12 
0 14 15 4 5 8 13 
0 14 15 4 5 8 7 13 
0 14 15 4 5 8 7 6 11 
0 14 15 4 5 9 
0 14 15 4 6 11 
0 14 15 4 6 2 8 12 
0 14 15 4 6 2 8 13 
0 14 15 4 6 2 8 7 5 9 
0 14 15 4 6 2 8 7 13 
0 14 15 2 8 12 
0 14 15 2 8 13 
0 14 15 2 8 7 5 9 
0 14 15 2 8 7 13 
0 14 15 2 8 7 6 11 
2 8 7 5 9 3 14 15 4 6 
2 8 7 5 9 3 14 15 
2 8 7 3 14 15 4 6 
2 8 7 3 14 15 
2 8 7 6 11 3 14 15 
2 8 7 6 11 14 15 
2 8 7 6 
3 14 15 
3 14 15 4 5 8 7 
3 14 15 4 5 8 7 6 11 
3 14 15 4 5 9 
3 14 15 4 6 11 
4 5 8 7 6 11 14 15 
4 6 11 14 15 
5 8 7 
