1 4 5 9 3 10 11 6 7 
1 4 5 9 3 10 11 6 7 13 2 
1 4 5 9 3 10 11 6 
1 4 5 9 3 10 13 2 
1 4 5 9 3 10 13 11 6 7 
1 4 5 9 3 10 13 11 6 
1 4 5 9 3 2 
1 4 5 11 3 10 13 2 
1 4 5 11 3 2 
1 4 5 11 6 7 
1 4 5 11 6 7 13 2 
1 4 5 11 6 7 3 10 13 2 
1 4 5 11 6 7 3 2 
1 4 5 11 6 
1 4 5 11 6 3 10 13 2 
1 4 5 11 6 3 2 
1 4 13 2 
1 4 13 11 3 2 
1 4 13 11 6 7 
1 4 13 11 6 7 3 2 
1 4 13 11 6 
1 4 13 11 6 3 2 
1 13 2 
1 13 11 3 2 
1 13 11 6 7 
1 13 11 6 7 3 2 
1 13 11 6 
1 13 11 6 3 2 
1 9 3 10 11 6 7 
1 9 3 10 11 6 7 13 2 
1 9 3 10 11 6 
1 9 3 10 13 2 
1 9 3 10 13 11 6 7 
1 9 3 10 13 11 6 
1 9 3 2 
3 10 11 
3 10 11 6 7 
3 10 11 6 
3 10 13 11 
3 10 13 11 6 7 
3 10 13 11 6 
5 8 
5 14 12 
5 14 
6 7 13 11 
