1 9 5 
1 9 8 12 7 15 2 5 
1 9 8 12 7 2 5 
1 9 8 12 4 10 14 15 2 5 
1 9 8 12 4 10 14 7 15 2 5 
1 9 8 12 4 10 14 7 2 5 
1 7 13 8 12 4 10 14 15 2 5 
1 7 15 2 5 
1 7 2 5 
1 8 12 7 15 2 5 
1 8 12 7 2 5 
1 8 12 4 10 14 15 2 5 
1 8 12 4 10 14 7 15 2 5 
1 8 12 4 10 14 7 2 5 
1 14 4 13 8 12 7 15 2 5 
1 14 4 13 8 12 7 2 5 
1 14 4 10 12 7 15 2 5 
1 14 4 10 12 7 2 5 
1 14 4 12 7 15 2 5 
1 14 4 12 7 2 5 
1 14 15 2 5 
1 14 15 10 12 7 2 5 
1 14 7 15 2 5 
1 14 7 2 5 
2 4 13 8 12 7 15 
2 4 13 8 12 7 
2 4 10 14 15 
2 4 10 14 7 15 
2 4 10 14 7 
2 4 10 12 7 15 
2 4 10 12 7 
2 4 12 7 15 
2 4 12 7 
2 7 13 8 12 4 10 14 15 
2 7 15 
2 7 
2 5 13 8 12 7 15 
2 5 13 8 12 7 
2 5 13 8 12 4 10 14 15 
2 5 13 8 12 4 10 14 7 15 
2 5 13 8 12 4 10 14 7 
3 11 
4 13 8 12 7 15 10 14 
4 13 8 12 
4 10 14 
4 10 14 7 13 8 12 
4 10 12 
4 12 7 15 10 14 
4 12 
7 13 8 12 
7 15 10 14 
7 15 10 12 
10 14 15 
